name: kraken2
channels:
  - ursky
  - bioconda
  - conda-forge
  - defaults
dependencies:
  - _libgcc_mutex=0.1=main
  - _openmp_mutex=4.5=1_gnu
  - biopython=1.79=py38h497a2fe_0
  - blast=2.10.1=pl526he19e7b1_3
  - bracken=2.6.1=py38h8c62d01_2
  - bzip2=1.0.8=h7b6447c_0
  - ca-certificates=2022.6.15=ha878542_0
  - curl=7.71.1=h8f29fe8_2
  - entrez-direct=13.9=pl5262he881be0_2
  - expat=2.4.1=h2531618_2
  - kraken2=2.0.7_beta=pl526h2d50403_0
  - krb5=1.19.2=hac12032_0
  - ld_impl_linux-64=2.36.1=hea4e1c9_2
  - libblas=3.9.0=11_linux64_openblas
  - libcblas=3.9.0=11_linux64_openblas
  - libcurl=7.71.1=h303737a_2
  - libedit=3.1.20210216=h27cfd23_1
  - libffi=3.3=h58526e2_2
  - libgcc=7.2.0=h69d50b8_2
  - libgcc-ng=9.3.0=h5101ec6_17
  - libgfortran-ng=12.1.0=h69a702a_16
  - libgfortran5=12.1.0=hdcd56e2_16
  - libgomp=9.3.0=h5101ec6_17
  - liblapack=3.9.0=11_linux64_openblas
  - libopenblas=0.3.17=pthreads_h8fe5266_1
  - libssh2=1.9.0=h1ba5d50_1
  - libstdcxx-ng=9.3.0=hd4cf53a_17
  - ncurses=6.2=he6710b0_1
  - numpy=1.20.3=py38h9894fe3_1
  - openssl=1.1.1n=h7f8727e_0
  - pcre=8.45=h295c915_0
  - perl=5.26.2=h14c3975_0
  - perl-app-cpanminus=1.7044=pl526_1
  - perl-archive-tar=2.32=pl526_0
  - perl-base=2.23=pl526_1
  - perl-business-isbn=3.004=pl526_0
  - perl-business-isbn-data=20140910.003=pl526_0
  - perl-carp=1.38=pl526_3
  - perl-common-sense=3.74=pl526_2
  - perl-compress-raw-bzip2=2.087=pl526he1b5a44_0
  - perl-compress-raw-zlib=2.087=pl526hc9558a2_0
  - perl-constant=1.33=pl526_1
  - perl-data-dumper=2.173=pl526_0
  - perl-digest-hmac=1.03=pl526_3
  - perl-digest-md5=2.55=pl526_0
  - perl-encode=2.88=pl526_1
  - perl-encode-locale=1.05=pl526_6
  - perl-exporter=5.72=pl526_1
  - perl-exporter-tiny=1.002001=pl526_0
  - perl-extutils-makemaker=7.36=pl526_1
  - perl-file-listing=6.04=pl526_1
  - perl-file-path=2.16=pl526_0
  - perl-file-temp=0.2304=pl526_2
  - perl-html-parser=3.72=pl526h6bb024c_5
  - perl-html-tagset=3.20=pl526_3
  - perl-html-tree=5.07=pl526_1
  - perl-http-cookies=6.04=pl526_0
  - perl-http-daemon=6.01=pl526_1
  - perl-http-date=6.02=pl526_3
  - perl-http-message=6.18=pl526_0
  - perl-http-negotiate=6.01=pl526_3
  - perl-io-compress=2.087=pl526he1b5a44_0
  - perl-io-html=1.001=pl526_2
  - perl-io-socket-ssl=2.066=pl526_0
  - perl-io-zlib=1.10=pl526_2
  - perl-json=4.02=pl526_0
  - perl-json-xs=2.34=pl526h6bb024c_3
  - perl-libwww-perl=6.39=pl526_0
  - perl-list-moreutils=0.428=pl526_1
  - perl-list-moreutils-xs=0.428=pl526_0
  - perl-lwp-mediatypes=6.04=pl526_0
  - perl-lwp-protocol-https=6.07=pl526_4
  - perl-mime-base64=3.15=pl526_1
  - perl-mozilla-ca=20180117=pl526_1
  - perl-net-http=6.19=pl526_0
  - perl-net-ssleay=1.88=pl526h90d6eec_0
  - perl-ntlm=1.09=pl526_4
  - perl-parent=0.236=pl526_1
  - perl-pathtools=3.75=pl526h14c3975_1
  - perl-scalar-list-utils=1.52=pl526h516909a_0
  - perl-socket=2.027=pl526_1
  - perl-storable=3.15=pl526h14c3975_0
  - perl-test-requiresinternet=0.05=pl526_0
  - perl-threaded=5.26.0=0
  - perl-time-local=1.28=pl526_1
  - perl-try-tiny=0.30=pl526_1
  - perl-types-serialiser=1.0=pl526_2
  - perl-uri=1.76=pl526_0
  - perl-www-robotrules=6.02=pl526_3
  - perl-xml-namespacesupport=1.12=pl526_0
  - perl-xml-parser=2.44=4
  - perl-xml-sax=1.02=pl526_0
  - perl-xml-sax-base=1.09=pl526_0
  - perl-xml-sax-expat=0.51=pl526_3
  - perl-xml-simple=2.25=pl526_1
  - perl-xsloader=0.24=pl526_0
  - pip=21.2.4=pyhd8ed1ab_0
  - python=3.8.10=h49503c6_1_cpython
  - python_abi=3.8=2_cp38
  - readline=8.1=h46c0cb4_0
  - setuptools=57.4.0=py38h578d9bd_0
  - sqlite=3.36.0=h9cd32fc_0
  - tk=8.6.11=h21135ba_0
  - wheel=0.37.0=pyhd8ed1ab_1
  - xz=5.2.5=h516909a_1
  - zlib=1.2.11=h7b6447c_3
prefix: /scratch/project_2004512/tools/miniconda3/envs/kraken2
